bgm_caoren          8.00      7.87      7.54      7.92      7.07      7.98      7.95      
bgm_diaochan        5.00      5.00      5.00      5.00      5.00      5.00      5.00      
bgm_liubei          0.01      0.01      0.01      0.01      0.01      0.01      0.01      
bgm_lvmeng          2.83      4.65      5.46      5.65      5.92      4.40      3.15      
bgm_pangtong        7.70      7.70      7.70      7.70      7.70      7.70      7.70      
bgm_zhangfei        0.01      0.01      0.01      0.01      0.01      0.01      0.01      
bgm_zhaoyun         5.00      5.00      5.00      5.00      5.00      5.00      5.00      
bulianshi           5.00      5.00      5.00      5.00      5.00      5.00      5.00      
caiwenji            5.00      5.00      5.00      5.00      5.00      5.00      5.00      
caocao              5.00      5.00      5.00      5.00      5.00      5.00      5.00      
caopi               5.00      5.00      5.00      5.00      5.00      5.00      5.00      
caoren              5.00      5.00      5.00      5.00      5.00      5.00      5.00      
caozhang            5.00      5.00      5.00      5.00      5.00      5.00      5.00      
caozhi              5.00      5.00      5.00      5.00      5.00      5.00      5.00      
chengong            6.34      6.86      6.15      6.18      5.97      6.10      6.16      
chengpu             4.00      4.00      4.00      4.00      4.00      4.00      4.00      
daqiao              3.09      3.34      3.82      3.74      3.86      3.40      3.56      
dengai              5.00      5.00      5.00      5.00      5.00      5.00      5.00      
dianwei             2.11      4.38      5.56      6.74      5.99      4.27      2.40      
diaochan            9.23      9.12      7.48      7.40      8.32      8.95      7.92      
dongzhuo            5.00      5.00      5.00      5.00      5.00      5.00      5.00      
erzhang             6.00      6.00      6.00      6.00      6.00      6.00      6.00      
fazheng             0.01      0.01      0.01      0.01      0.01      0.01      0.01      
ganning             4.36      5.88      5.56      5.42      5.90      5.54      5.52      
gaoshun             3.25      3.40      3.56      3.50      3.36      3.21      4.39      
gongsunzan          5.00      5.00      5.00      5.00      5.00      5.00      5.00      
guanxingzhangbao    0.01      0.01      0.01      0.01      0.01      0.01      0.01      
guanyu              0.01      0.01      0.01      0.01      0.01      0.01      0.01      
guojia              8.81      8.61      8.21      8.54      7.98      8.24      8.36      
handang             5.00      5.00      5.00      5.00      5.00      5.00      5.00      
huanggai            2.80      3.13      4.06      3.77      3.18      2.97      2.38      
huangyueying        0.01      0.01      0.01      0.01      0.01      0.01      0.01      
huangzhong          0.01      0.01      0.01      0.01      0.01      0.01      0.01      
huatuo              0.01      0.01      0.01      0.01      0.01      0.01      0.01      
huaxiong            4.00      4.00      4.00      4.00      4.00      4.00      4.00      
jiangwei            0.01      0.01      0.01      0.01      0.01      0.01      0.01      
jiaxu               5.00      5.00      5.00      5.00      5.00      5.00      5.00      
liaohua             0.01      0.01      0.01      0.01      0.01      0.01      0.01      
lingtong            3.97      6.03      5.54      6.46      5.38      5.63      5.92      
liubei              0.01      0.01      0.01      0.01      0.01      0.01      0.01      
liubiao             6.00      6.00      6.00      6.00      6.00      6.00      6.00      
liushan             0.01      0.01      0.01      0.01      0.01      0.01      0.01      
lusu                8.94      8.92      8.94      8.95      8.01      8.85      8.86      
luxun               5.00      5.00      5.00      5.00      5.00      5.00      5.00      
lvbu                5.00      5.00      5.00      5.00      5.00      5.00      5.00      
lvmeng              2.83      4.65      5.46      5.65      5.92      4.40      3.15      
machao              0.01      0.01      0.01      0.01      0.01      0.01      0.01      
madai               0.01      0.01      0.01      0.01      0.01      0.01      0.01      
masu                0.01      0.01      0.01      0.01      0.01      0.01      0.01      
menghuo             0.01      0.01      0.01      0.01      0.01      0.01      0.01      
nosfazheng          0.01      0.01      0.01      0.01      0.01      0.01      0.01      
nosxushu            0.01      0.01      0.01      0.01      0.01      0.01      0.01      
pangde              5.00      5.00      5.00      5.00      5.00      5.00      5.00      
pangtong            0.01      0.01      0.01      0.01      0.01      0.01      0.01      
shencaocao          5.00      5.00      5.00      5.00      5.00      5.00      5.00      
shenguanyu          5.00      5.00      5.00      5.00      5.00      5.00      5.00      
shenlvbu            7.00      7.00      7.00      7.00      7.00      7.00      7.00      
shenlvmeng          5.00      5.00      5.00      5.00      5.00      5.00      5.00      
shensimayi          9.99      9.99      9.99      9.99      9.99      9.99      9.99      
shenzhaoyun         8.80      8.80      8.80      8.80      8.80      8.80      8.80      
shenzhouyu          5.00      5.00      5.00      5.00      5.00      5.00      5.00      
shenzhugeliang      8.00      8.00      8.00      8.00      8.00      8.00      8.00      
simayi              5.00      5.00      5.00      5.00      5.00      5.00      5.00      
sp_guanyu           6.00      6.00      6.00      6.00      6.00      6.00      6.00      
sunce               5.00      5.00      5.00      5.00      5.00      5.00      5.00      
sunjian             6.28      6.14      6.35      6.78      6.27      6.12      5.69      
sunquan             6.00      6.50      6.50      6.50      6.50      6.50      6.50      
sunshangxiang       6.70      6.14      6.28      6.85      6.89      6.71      6.95      
taishici            5.40      5.36      5.02      5.25      5.27      5.24      5.36      
wangyi              5.00      5.00      5.00      5.00      5.00      5.00      5.00      
weiyan              0.01      0.01      0.01      0.01      0.01      0.01      0.01      
wolong              0.01      0.01      0.01      0.01      0.01      0.01      0.01      
wuguotai            5.73      7.04      6.84      6.33      6.52      6.12      5.27      
xiahoudun           5.00      5.00      5.00      5.00      5.00      5.00      5.00      
xiahouyuan          5.00      5.00      5.00      5.00      5.00      5.00      5.00      
xiaoqiao            6.39      7.15      7.30      7.16      6.97      7.24      6.77      
xuchu               6.45      6.99      6.10      6.87      6.22      6.45      6.74      
xuhuang             5.00      5.00      5.00      5.00      5.00      5.00      5.00      
xunyou              5.00      5.00      5.00      5.00      5.00      5.00      5.00      
xunyu               8.19      7.89      7.71      7.03      7.75      7.79      7.94      
xusheng             6.56      6.21      6.70      6.61      6.02      6.00      6.07      
xushu               0.01      0.01      0.01      0.01      0.01      0.01      0.01      
yangxiu             5.00      5.00      5.00      5.00      5.00      5.00      5.00      
yanliangwenchou     8.94      8.92      8.94      8.95      8.01      8.85      8.86      
yuanshao            8.94      8.92      8.94      8.95      8.01      8.85      8.86      
yuanshu             9.00      9.00      9.00      9.00      9.00      9.00      9.00      
yujin               7.00      7.00      7.00      7.00      7.00      7.00      7.00      
zhangfei            0.01      0.01      0.01      0.01      0.01      0.01      0.01      
zhanghe             5.00      5.00      5.00      5.00      5.00      5.00      5.00      
zhangjiao           7.62      7.83      7.54      7.53      7.33      7.49      7.45      
zhangliao           9.23      9.12      7.48      7.40      8.32      8.95      7.92      
zhaoyun             0.01      0.01      0.01      0.01      0.01      0.01      0.01      
zhenji              5.00      5.00      5.00      5.00      5.00      5.00      5.00      
zhonghui            6.80      6.80      6.80      6.80      6.80      6.80      6.80      
zhoutai             2.00      2.00      2.00      2.00      2.00      2.00      2.00      
zhouyu              5.71      5.64      5.05      5.00      5.13      5.82      4.89      
zhugejin            5.00      5.00      5.00      5.00      5.00      5.00      5.00      
zhugeliang          0.01      0.01      0.01      0.01      0.01      0.01      0.01      
zhurong             0.01      0.01      0.01      0.01      0.01      0.01      0.01      
zuoci               8.50      8.50      8.50      8.50      8.50      8.50      8.50      
